{
 "cells": [
  {
   "cell_type": "code",
   "execution_count": 81,
   "id": "dee615c3-faf3-4552-98de-8d0a99125c89",
   "metadata": {},
   "outputs": [
    {
     "name": "stdout",
     "output_type": "stream",
     "text": [
      "Transition probability matrix =\n",
      " [[0.950 0.300]\n",
      " [0.050 0.970]]\n",
      "\n",
      "Probaility Distribuiton=\n",
      " [0.600 0.400] \n",
      "\n"
     ]
    },
    {
     "name": "stdin",
     "output_type": "stream",
     "text": [
      "Enter the iteration no= 200\n"
     ]
    },
    {
     "name": "stdout",
     "output_type": "stream",
     "text": [
      "Itreation_No_0= [0.690 0.418]\n",
      "Itreation_No_ 1 = [0.781 0.440]\n",
      "Itreation_No_ 2 = [0.874 0.466]\n",
      "Itreation_No_ 3 = [0.970 0.496]\n",
      "Itreation_No_ 4 = [1.070 0.529]\n",
      "Itreation_No_ 5 = [1.175 0.567]\n",
      "Itreation_No_ 6 = [1.287 0.609]\n",
      "Itreation_No_ 7 = [1.405 0.655]\n",
      "Itreation_No_ 8 = [1.531 0.705]\n",
      "Itreation_No_ 9 = [1.666 0.761]\n",
      "Itreation_No_ 10 = [1.811 0.821]\n",
      "Itreation_No_ 11 = [1.967 0.887]\n",
      "Itreation_No_ 12 = [2.134 0.959]\n",
      "Itreation_No_ 13 = [2.315 1.037]\n",
      "Itreation_No_ 14 = [2.511 1.121]\n",
      "Itreation_No_ 15 = [2.721 1.213]\n",
      "Itreation_No_ 16 = [2.949 1.313]\n",
      "Itreation_No_ 17 = [3.196 1.421]\n",
      "Itreation_No_ 18 = [3.462 1.538]\n",
      "Itreation_No_ 19 = [3.751 1.665]\n",
      "Itreation_No_ 20 = [4.063 1.803]\n",
      "Itreation_No_ 21 = [4.400 1.952]\n",
      "Itreation_No_ 22 = [4.766 2.113]\n",
      "Itreation_No_ 23 = [5.161 2.288]\n",
      "Itreation_No_ 24 = [5.590 2.478]\n",
      "Itreation_No_ 25 = [6.054 2.683]\n",
      "Itreation_No_ 26 = [6.556 2.905]\n",
      "Itreation_No_ 27 = [7.099 3.145]\n",
      "Itreation_No_ 28 = [7.688 3.406]\n",
      "Itreation_No_ 29 = [8.325 3.688]\n",
      "Itreation_No_ 30 = [9.016 3.994]\n",
      "Itreation_No_ 31 = [9.763 4.325]\n",
      "Itreation_No_ 32 = [10.572 4.683]\n",
      "Itreation_No_ 33 = [11.449 5.071]\n",
      "Itreation_No_ 34 = [12.398 5.492]\n",
      "Itreation_No_ 35 = [13.425 5.947]\n",
      "Itreation_No_ 36 = [14.538 6.440]\n",
      "Itreation_No_ 37 = [15.743 6.973]\n",
      "Itreation_No_ 38 = [17.048 7.551]\n",
      "Itreation_No_ 39 = [18.461 8.177]\n",
      "Itreation_No_ 40 = [19.991 8.855]\n",
      "Itreation_No_ 41 = [21.648 9.589]\n",
      "Itreation_No_ 42 = [23.442 10.384]\n",
      "Itreation_No_ 43 = [25.385 11.244]\n",
      "Itreation_No_ 44 = [27.489 12.176]\n",
      "Itreation_No_ 45 = [29.768 13.185]\n",
      "Itreation_No_ 46 = [32.235 14.278]\n",
      "Itreation_No_ 47 = [34.907 15.462]\n",
      "Itreation_No_ 48 = [37.800 16.743]\n",
      "Itreation_No_ 49 = [40.933 18.131]\n",
      "Itreation_No_ 50 = [44.325 19.634]\n",
      "Itreation_No_ 51 = [47.999 21.261]\n",
      "Itreation_No_ 52 = [51.977 23.023]\n",
      "Itreation_No_ 53 = [56.285 24.931]\n",
      "Itreation_No_ 54 = [60.950 26.997]\n",
      "Itreation_No_ 55 = [66.002 29.235]\n",
      "Itreation_No_ 56 = [71.473 31.658]\n",
      "Itreation_No_ 57 = [77.396 34.282]\n",
      "Itreation_No_ 58 = [83.811 37.123]\n",
      "Itreation_No_ 59 = [90.758 40.200]\n",
      "Itreation_No_ 60 = [98.280 43.532]\n",
      "Itreation_No_ 61 = [106.425 47.140]\n",
      "Itreation_No_ 62 = [115.246 51.047]\n",
      "Itreation_No_ 63 = [124.798 55.278]\n",
      "Itreation_No_ 64 = [135.141 59.860]\n",
      "Itreation_No_ 65 = [146.342 64.821]\n",
      "Itreation_No_ 66 = [158.471 70.193]\n",
      "Itreation_No_ 67 = [171.606 76.011]\n",
      "Itreation_No_ 68 = [185.829 82.311]\n",
      "Itreation_No_ 69 = [201.231 89.133]\n",
      "Itreation_No_ 70 = [217.909 96.521]\n",
      "Itreation_No_ 71 = [235.970 104.521]\n",
      "Itreation_No_ 72 = [255.528 113.183]\n",
      "Itreation_No_ 73 = [276.706 122.564]\n",
      "Itreation_No_ 74 = [299.640 132.723]\n",
      "Itreation_No_ 75 = [324.475 143.723]\n",
      "Itreation_No_ 76 = [351.368 155.635]\n",
      "Itreation_No_ 77 = [380.490 168.535]\n",
      "Itreation_No_ 78 = [412.026 182.503]\n",
      "Itreation_No_ 79 = [446.176 197.629]\n",
      "Itreation_No_ 80 = [483.156 214.009]\n",
      "Itreation_No_ 81 = [523.201 231.747]\n",
      "Itreation_No_ 82 = [566.565 250.954]\n",
      "Itreation_No_ 83 = [613.523 271.754]\n",
      "Itreation_No_ 84 = [664.373 294.277]\n",
      "Itreation_No_ 85 = [719.437 318.668]\n",
      "Itreation_No_ 86 = [779.066 345.080]\n",
      "Itreation_No_ 87 = [843.636 373.680]\n",
      "Itreation_No_ 88 = [913.559 404.652]\n",
      "Itreation_No_ 89 = [989.276 438.190]\n",
      "Itreation_No_ 90 = [1071.270 474.508]\n",
      "Itreation_No_ 91 = [1160.059 513.837]\n",
      "Itreation_No_ 92 = [1256.207 556.424]\n",
      "Itreation_No_ 93 = [1360.324 602.542]\n",
      "Itreation_No_ 94 = [1473.070 652.482]\n",
      "Itreation_No_ 95 = [1595.161 706.561]\n",
      "Itreation_No_ 96 = [1727.371 765.122]\n",
      "Itreation_No_ 97 = [1870.540 828.537]\n",
      "Itreation_No_ 98 = [2025.574 897.208]\n",
      "Itreation_No_ 99 = [2193.457 971.570]\n",
      "Itreation_No_ 100 = [2375.256 1052.096]\n",
      "Itreation_No_ 101 = [2572.122 1139.296]\n",
      "Itreation_No_ 102 = [2785.305 1233.723]\n",
      "Itreation_No_ 103 = [3016.156 1335.977]\n",
      "Itreation_No_ 104 = [3266.142 1446.705]\n",
      "Itreation_No_ 105 = [3536.846 1566.611]\n",
      "Itreation_No_ 106 = [3829.987 1696.455]\n",
      "Itreation_No_ 107 = [4147.424 1837.061]\n",
      "Itreation_No_ 108 = [4491.171 1989.320]\n",
      "Itreation_No_ 109 = [4863.409 2154.199]\n",
      "Itreation_No_ 110 = [5266.498 2332.744]\n",
      "Itreation_No_ 111 = [5702.997 2526.086]\n",
      "Itreation_No_ 112 = [6175.673 2735.454]\n",
      "Itreation_No_ 113 = [6687.525 2962.174]\n",
      "Itreation_No_ 114 = [7241.801 3207.685]\n",
      "Itreation_No_ 115 = [7842.016 3473.544]\n",
      "Itreation_No_ 116 = [8491.979 3761.439]\n",
      "Itreation_No_ 117 = [9195.811 4073.194]\n",
      "Itreation_No_ 118 = [9957.979 4410.789]\n",
      "Itreation_No_ 119 = [10783.317 4776.364]\n",
      "Itreation_No_ 120 = [11677.060 5172.239]\n",
      "Itreation_No_ 121 = [12644.879 5600.925]\n",
      "Itreation_No_ 122 = [13692.913 6065.141]\n",
      "Itreation_No_ 123 = [14827.810 6567.833]\n",
      "Itreation_No_ 124 = [16056.769 7112.188]\n",
      "Itreation_No_ 125 = [17387.587 7701.661]\n",
      "Itreation_No_ 126 = [18828.706 8339.991]\n",
      "Itreation_No_ 127 = [20389.268 9031.226]\n",
      "Itreation_No_ 128 = [22079.172 9779.753]\n",
      "Itreation_No_ 129 = [23909.140 10590.319]\n",
      "Itreation_No_ 130 = [25890.778 11468.066]\n",
      "Itreation_No_ 131 = [28036.659 12418.563]\n",
      "Itreation_No_ 132 = [30360.395 13447.839]\n",
      "Itreation_No_ 133 = [32876.727 14562.424]\n",
      "Itreation_No_ 134 = [35601.618 15769.388]\n",
      "Itreation_No_ 135 = [38552.354 17076.387]\n",
      "Itreation_No_ 136 = [41747.652 18491.713]\n",
      "Itreation_No_ 137 = [45207.783 20024.344]\n",
      "Itreation_No_ 138 = [48954.697 21684.003]\n",
      "Itreation_No_ 139 = [53012.163 23481.218]\n",
      "Itreation_No_ 140 = [57405.920 25427.389]\n",
      "Itreation_No_ 141 = [62163.841 27534.864]\n",
      "Itreation_No_ 142 = [67316.108 29817.010]\n",
      "Itreation_No_ 143 = [72895.406 32288.305]\n",
      "Itreation_No_ 144 = [78937.127 34964.426]\n",
      "Itreation_No_ 145 = [85479.598 37862.350]\n",
      "Itreation_No_ 146 = [92564.323 41000.459]\n",
      "Itreation_No_ 147 = [100236.245 44398.662]\n",
      "Itreation_No_ 148 = [108544.031 48078.514]\n",
      "Itreation_No_ 149 = [117540.384 52063.360]\n",
      "Itreation_No_ 150 = [127282.373 56378.478]\n",
      "Itreation_No_ 151 = [137831.798 61051.243]\n",
      "Itreation_No_ 152 = [149255.580 66111.295]\n",
      "Itreation_No_ 153 = [161626.190 71590.735]\n",
      "Itreation_No_ 154 = [175022.101 77524.323]\n",
      "Itreation_No_ 155 = [189528.293 83949.698]\n",
      "Itreation_No_ 156 = [205236.788 90907.622]\n",
      "Itreation_No_ 157 = [222247.235 98442.233]\n",
      "Itreation_No_ 158 = [240667.543 106601.328]\n",
      "Itreation_No_ 159 = [260614.564 115436.665]\n",
      "Itreation_No_ 160 = [282214.835 125004.293]\n",
      "Itreation_No_ 161 = [305605.382 135364.906]\n",
      "Itreation_No_ 162 = [330934.584 146584.228]\n",
      "Itreation_No_ 163 = [358363.124 158733.430]\n",
      "Itreation_No_ 164 = [388064.996 171889.584]\n",
      "Itreation_No_ 165 = [420228.622 186136.146]\n",
      "Itreation_No_ 166 = [455058.034 201563.493]\n",
      "Itreation_No_ 167 = [492774.181 218269.490]\n",
      "Itreation_No_ 168 = [533616.318 236360.114]\n",
      "Itreation_No_ 169 = [577843.537 255950.126]\n",
      "Itreation_No_ 170 = [625736.398 277163.799]\n",
      "Itreation_No_ 171 = [677598.718 300135.705]\n",
      "Itreation_No_ 172 = [733759.493 325011.570]\n",
      "Itreation_No_ 173 = [794574.990 351949.198]\n",
      "Itreation_No_ 174 = [860431.000 381119.471]\n",
      "Itreation_No_ 175 = [931745.291 412707.437]\n",
      "Itreation_No_ 176 = [1008970.258 446913.478]\n",
      "Itreation_No_ 177 = [1092595.788 483954.587]\n",
      "Itreation_No_ 178 = [1183152.375 524065.739]\n",
      "Itreation_No_ 179 = [1281214.478 567501.385]\n",
      "Itreation_No_ 180 = [1387404.170 614537.068]\n",
      "Itreation_No_ 181 = [1502395.081 665471.164]\n",
      "Itreation_No_ 182 = [1626916.677 720626.783]\n",
      "Itreation_No_ 183 = [1761758.878 780353.814]\n",
      "Itreation_No_ 184 = [1907777.078 845031.143]\n",
      "Itreation_No_ 185 = [2065897.567 915069.063]\n",
      "Itreation_No_ 186 = [2237123.407 990911.869]\n",
      "Itreation_No_ 187 = [2422540.798 1073040.683]\n",
      "Itreation_No_ 188 = [2623325.963 1161976.503]\n",
      "Itreation_No_ 189 = [2840752.616 1258283.506]\n",
      "Itreation_No_ 190 = [3076200.037 1362572.632]\n",
      "Itreation_No_ 191 = [3331161.824 1475505.454]\n",
      "Itreation_No_ 192 = [3607255.369 1597798.382]\n",
      "Itreation_No_ 193 = [3906232.116 1730227.199]\n",
      "Itreation_No_ 194 = [4229988.669 1873631.989]\n",
      "Itreation_No_ 195 = [4580578.833 2028922.463]\n",
      "Itreation_No_ 196 = [4960226.630 2197083.730]\n",
      "Itreation_No_ 197 = [5371340.417 2379182.550]\n",
      "Itreation_No_ 198 = [5816528.161 2576374.094]\n",
      "Itreation_No_ 199 = [6298613.982 2789909.280]\n",
      "\n",
      " Without Library Compute x^n=  [6298613.982 2789909.280]\n"
     ]
    }
   ],
   "source": [
    "import numpy as np\n",
    "import pandas as pd\n",
    "\n",
    "''' X_t+1 =A* X_t , A= Two state Transition matrix, where t=0,1,2,3,4\n",
    "  want to predict at time (t+1) based on the observation at time t'''\n",
    "\n",
    "#P_move(To city /From city) =0.95 ,\n",
    "#P_move(To city /From Suburbs) =0.03 ,\n",
    "#P_move(To Suburb /From city) =0.05 ,\n",
    "#P_move(To Suburbs From Suburbs) =0.95 \n",
    "\n",
    "A=np.array([[0.95 ,0.3],[0.05 ,0.97]]) # A is the transition probabiity matrix\n",
    "print(\"Transition probability matrix =\\n\",A)\n",
    "\n",
    "# city population in 2000 is =6,000000 ,Suburbs population in 2000 is =4,00000\n",
    "c_pop_2000=600000\n",
    "Sub_pop_2000=400000\n",
    "\n",
    "#Probability distribution=> PD\n",
    "PD_city= c_pop_2000/(c_pop_2000+Sub_pop_2000)\n",
    "PD_Sub=Sub_pop_2000/(c_pop_2000+Sub_pop_2000)\n",
    "\n",
    "x_0 = np.array([PD_city,PD_Sub])\n",
    "\n",
    "print(\"\\nProbaility Distribuiton=\\n\",x_0,\"\\n\")\n",
    "\n",
    "# Matrix multiplication without inbuild function\n",
    "Result=np.matmul(A,x_0)\n",
    "steps=int(input(\"Enter the iteration no=\"))\n",
    "print(\"Itreation_No_0=\",Result)\n",
    "for i in range(1,steps):\n",
    "    Result =np.matmul(A,Result)\n",
    "    print(\"Itreation_No_\",i,\"=\",Result)\n",
    "\n",
    "# As for example if I want to compute X_t+1 =A* X_t  whent t=19 ,Hence X_20= A^20 *X_0   , With inbulid library\n",
    "A_steps = np.linalg.matrix_power(A, steps)\n",
    "\n",
    "# compute x^n\n",
    "x_steps = A_steps @ x_0\n",
    "print(\"\\n Without Library Compute x^n= \",x_steps)\n"
   ]
  },
  {
   "cell_type": "code",
   "execution_count": 79,
   "id": "dd9ccfe6-6716-488b-8f45-b7041adf3181",
   "metadata": {},
   "outputs": [
    {
     "name": "stdout",
     "output_type": "stream",
     "text": [
      "Transition probability matrix =\n",
      " [[0.500 0.200 0.300]\n",
      " [0.300 0.800 0.300]\n",
      " [0.200 0.000 0.400]]\n",
      "\n",
      "Probaility Distribuiton=\n",
      " [0.600 0.300 0.100] \n",
      "\n"
     ]
    },
    {
     "name": "stdin",
     "output_type": "stream",
     "text": [
      "\u001b[32mEnter the iteration no= 5000\n"
     ]
    },
    {
     "name": "stdout",
     "output_type": "stream",
     "text": [
      "\n",
      "\n",
      "\u001b[1;31m  Itreation_No_0= [0.390 0.450 0.160]\n",
      "\u001b[1;34m  Itreation_No_ 1 = [0.333, 0.525, 0.14200000000000002]\n",
      "\u001b[1;31m  Itreation_No_ 2 = [0.31410000000000005, 0.5625, 0.12340000000000001]\n",
      "\u001b[1;34m  Itreation_No_ 3 = [0.30657, 0.58125, 0.11218000000000003]\n",
      "\u001b[1;31m  Itreation_No_ 4 = [0.30318900000000004, 0.5906250000000001, 0.10618600000000003]\n",
      "\u001b[1;34m  Itreation_No_ 5 = [0.30157530000000005, 0.5953125000000001, 0.10311220000000003]\n",
      "\u001b[1;31m  Itreation_No_ 6 = [0.3007838100000001, 0.5976562500000001, 0.10155994000000002]\n",
      "\u001b[1;34m  Itreation_No_ 7 = [0.3003911370000001, 0.5988281250000002, 0.10078073800000004]\n",
      "\u001b[1;31m  Itreation_No_ 8 = [0.3001954149000001, 0.5994140625000002, 0.10039052260000003]\n",
      "\u001b[1;34m  Itreation_No_ 9 = [0.3000976767300001, 0.5997070312500002, 0.10019529202000005]\n",
      "\u001b[1;31m  Itreation_No_ 10 = [0.3000488322210001, 0.5998535156250002, 0.10009765215400004]\n",
      "\u001b[1;34m  Itreation_No_ 11 = [0.3000244148817001, 0.5999267578125003, 0.10004882730580004]\n",
      "\u001b[1;31m  Itreation_No_ 12 = [0.3000122071950901, 0.5999633789062503, 0.10002441389866004]\n",
      "\u001b[1;34m  Itreation_No_ 13 = [0.30000610354839313, 0.5999816894531254, 0.10001220699848204]\n",
      "\u001b[1;31m  Itreation_No_ 14 = [0.30000305176436626, 0.5999908447265629, 0.10000610350907145]\n",
      "\u001b[1;34m  Itreation_No_ 15 = [0.30000152588021717, 0.5999954223632817, 0.10000305175650184]\n",
      "\u001b[1;31m  Itreation_No_ 16 = [0.3000007629397155, 0.599997711181641, 0.10000152587864417]\n",
      "\u001b[1;34m  Itreation_No_ 17 = [0.3000003814697792, 0.5999988555908208, 0.10000076293940077]\n",
      "\u001b[1;31m  Itreation_No_ 18 = [0.300000190734874, 0.5999994277954106, 0.10000038146971615]\n",
      "\u001b[1;34m  Itreation_No_ 19 = [0.30000009536743394, 0.5999997138977056, 0.10000019073486127]\n",
      "\u001b[1;31m  Itreation_No_ 20 = [0.30000004768371646, 0.599999856948853, 0.10000009536743129]\n",
      "\u001b[1;34m  Itreation_No_ 21 = [0.30000002384185825, 0.5999999284744268, 0.10000004768371581]\n",
      "\u001b[1;31m  Itreation_No_ 22 = [0.30000001192092923, 0.5999999642372138, 0.10000002384185798]\n",
      "\u001b[1;34m  Itreation_No_ 23 = [0.3000000059604648, 0.5999999821186072, 0.10000001192092904]\n",
      "\u001b[1;31m  Itreation_No_ 24 = [0.3000000029802325, 0.5999999910593039, 0.10000000596046457]\n",
      "\u001b[1;34m  Itreation_No_ 25 = [0.3000000014901164, 0.5999999955296522, 0.10000000298023233]\n",
      "\u001b[1;31m  Itreation_No_ 26 = [0.30000000074505834, 0.5999999977648265, 0.10000000149011622]\n",
      "\u001b[1;34m  Itreation_No_ 27 = [0.3000000003725294, 0.5999999988824136, 0.10000000074505816]\n",
      "\u001b[1;31m  Itreation_No_ 28 = [0.3000000001862649, 0.5999999994412072, 0.10000000037252915]\n",
      "\u001b[1;34m  Itreation_No_ 29 = [0.30000000009313266, 0.599999999720604, 0.10000000018626465]\n",
      "\u001b[1;31m  Itreation_No_ 30 = [0.3000000000465665, 0.5999999998603025, 0.1000000000931324]\n",
      "\u001b[1;34m  Itreation_No_ 31 = [0.3000000000232835, 0.5999999999301516, 0.10000000004656626]\n",
      "\u001b[1;31m  Itreation_No_ 32 = [0.30000000001164195, 0.5999999999650762, 0.1000000000232832]\n",
      "\u001b[1;34m  Itreation_No_ 33 = [0.30000000000582117, 0.5999999999825386, 0.10000000001164167]\n",
      "\u001b[1;31m  Itreation_No_ 34 = [0.3000000000029108, 0.5999999999912697, 0.1000000000058209]\n",
      "\u001b[1;34m  Itreation_No_ 35 = [0.30000000000145566, 0.5999999999956354, 0.10000000000291054]\n",
      "\u001b[1;31m  Itreation_No_ 36 = [0.3000000000007281, 0.5999999999978183, 0.10000000000145534]\n",
      "\u001b[1;34m  Itreation_No_ 37 = [0.3000000000003643, 0.5999999999989096, 0.10000000000072776]\n",
      "\u001b[1;31m  Itreation_No_ 38 = [0.30000000000018245, 0.5999999999994553, 0.10000000000036396]\n",
      "\u001b[1;34m  Itreation_No_ 39 = [0.3000000000000915, 0.5999999999997282, 0.10000000000018208]\n",
      "\u001b[1;31m  Itreation_No_ 40 = [0.300000000000046, 0.5999999999998648, 0.10000000000009115]\n",
      "\u001b[1;34m  Itreation_No_ 41 = [0.3000000000000233, 0.599999999999933, 0.10000000000004566]\n",
      "\u001b[1;31m  Itreation_No_ 42 = [0.3000000000000119, 0.5999999999999671, 0.10000000000002293]\n",
      "\u001b[1;34m  Itreation_No_ 43 = [0.30000000000000626, 0.5999999999999842, 0.10000000000001155]\n",
      "\u001b[1;31m  Itreation_No_ 44 = [0.30000000000000343, 0.5999999999999928, 0.10000000000000588]\n",
      "\u001b[1;34m  Itreation_No_ 45 = [0.300000000000002, 0.599999999999997, 0.10000000000000304]\n",
      "\u001b[1;31m  Itreation_No_ 46 = [0.3000000000000013, 0.5999999999999991, 0.10000000000000162]\n",
      "\u001b[1;34m  Itreation_No_ 47 = [0.30000000000000093, 0.6000000000000002, 0.10000000000000092]\n",
      "\u001b[1;31m  Itreation_No_ 48 = [0.3000000000000008, 0.6000000000000008, 0.10000000000000056]\n",
      "\u001b[1;34m  Itreation_No_ 49 = [0.3000000000000007, 0.6000000000000011, 0.1000000000000004]\n",
      "\u001b[1;31m  Itreation_No_ 50 = [0.3000000000000007, 0.6000000000000012, 0.10000000000000031]\n",
      "\u001b[1;34m  Itreation_No_ 51 = [0.30000000000000066, 0.6000000000000013, 0.10000000000000027]\n",
      "\u001b[1;31m  Itreation_No_ 52 = [0.30000000000000066, 0.6000000000000013, 0.10000000000000026]\n",
      "\u001b[1;34m  Itreation_No_ 53 = [0.30000000000000066, 0.6000000000000013, 0.10000000000000024]\n",
      "\u001b[1;31m  Itreation_No_ 54 = [0.30000000000000066, 0.6000000000000013, 0.10000000000000023]\n",
      "\u001b[1;34m  Itreation_No_ 55 = [0.30000000000000066, 0.6000000000000013, 0.10000000000000023]\n",
      "\u001b[1;32m\n",
      "Stopping criteria!= Last 2 consecutive operations are exact same\n",
      "\u001b[0m\n",
      "\u001b[1;34m  [0.30000000000000066, 0.6000000000000013, 0.10000000000000023] \u001b[1;31m [0.30000000000000066, 0.6000000000000013, 0.10000000000000023]\n",
      "\u001b[0m\n",
      "Append the convergence value in a List For Future use :\n",
      " [[0.333, 0.525, 0.14200000000000002], [0.31410000000000005, 0.5625, 0.12340000000000001], [0.30657, 0.58125, 0.11218000000000003], [0.30318900000000004, 0.5906250000000001, 0.10618600000000003], [0.30157530000000005, 0.5953125000000001, 0.10311220000000003], [0.3007838100000001, 0.5976562500000001, 0.10155994000000002], [0.3003911370000001, 0.5988281250000002, 0.10078073800000004], [0.3001954149000001, 0.5994140625000002, 0.10039052260000003], [0.3000976767300001, 0.5997070312500002, 0.10019529202000005], [0.3000488322210001, 0.5998535156250002, 0.10009765215400004], [0.3000244148817001, 0.5999267578125003, 0.10004882730580004], [0.3000122071950901, 0.5999633789062503, 0.10002441389866004], [0.30000610354839313, 0.5999816894531254, 0.10001220699848204], [0.30000305176436626, 0.5999908447265629, 0.10000610350907145], [0.30000152588021717, 0.5999954223632817, 0.10000305175650184], [0.3000007629397155, 0.599997711181641, 0.10000152587864417], [0.3000003814697792, 0.5999988555908208, 0.10000076293940077], [0.300000190734874, 0.5999994277954106, 0.10000038146971615], [0.30000009536743394, 0.5999997138977056, 0.10000019073486127], [0.30000004768371646, 0.599999856948853, 0.10000009536743129], [0.30000002384185825, 0.5999999284744268, 0.10000004768371581], [0.30000001192092923, 0.5999999642372138, 0.10000002384185798], [0.3000000059604648, 0.5999999821186072, 0.10000001192092904], [0.3000000029802325, 0.5999999910593039, 0.10000000596046457], [0.3000000014901164, 0.5999999955296522, 0.10000000298023233], [0.30000000074505834, 0.5999999977648265, 0.10000000149011622], [0.3000000003725294, 0.5999999988824136, 0.10000000074505816], [0.3000000001862649, 0.5999999994412072, 0.10000000037252915], [0.30000000009313266, 0.599999999720604, 0.10000000018626465], [0.3000000000465665, 0.5999999998603025, 0.1000000000931324], [0.3000000000232835, 0.5999999999301516, 0.10000000004656626], [0.30000000001164195, 0.5999999999650762, 0.1000000000232832], [0.30000000000582117, 0.5999999999825386, 0.10000000001164167], [0.3000000000029108, 0.5999999999912697, 0.1000000000058209], [0.30000000000145566, 0.5999999999956354, 0.10000000000291054], [0.3000000000007281, 0.5999999999978183, 0.10000000000145534], [0.3000000000003643, 0.5999999999989096, 0.10000000000072776], [0.30000000000018245, 0.5999999999994553, 0.10000000000036396], [0.3000000000000915, 0.5999999999997282, 0.10000000000018208], [0.300000000000046, 0.5999999999998648, 0.10000000000009115], [0.3000000000000233, 0.599999999999933, 0.10000000000004566], [0.3000000000000119, 0.5999999999999671, 0.10000000000002293], [0.30000000000000626, 0.5999999999999842, 0.10000000000001155], [0.30000000000000343, 0.5999999999999928, 0.10000000000000588], [0.300000000000002, 0.599999999999997, 0.10000000000000304], [0.3000000000000013, 0.5999999999999991, 0.10000000000000162], [0.30000000000000093, 0.6000000000000002, 0.10000000000000092], [0.3000000000000008, 0.6000000000000008, 0.10000000000000056], [0.3000000000000007, 0.6000000000000011, 0.1000000000000004], [0.3000000000000007, 0.6000000000000012, 0.10000000000000031], [0.30000000000000066, 0.6000000000000013, 0.10000000000000027], [0.30000000000000066, 0.6000000000000013, 0.10000000000000026], [0.30000000000000066, 0.6000000000000013, 0.10000000000000024], [0.30000000000000066, 0.6000000000000013, 0.10000000000000023], [0.30000000000000066, 0.6000000000000013, 0.10000000000000023]]\n"
     ]
    }
   ],
   "source": [
    "import numpy as np\n",
    "import pandas as pd\n",
    "import matplotlib.pyplot as plt\n",
    "from colorama import Fore, Back, Style\n",
    "from termcolor import colored\n",
    "import simple_colors\n",
    "\n",
    "####REINFORCEMENT LEARNING ITERATIVE Q_TABLE PREPARE:####\n",
    "\n",
    "''' X_t+1 =A* X_t , A= Two state Transition matrix, where t=0,1,2,3,4\n",
    "  want to predict at time (t+1) based on the observation at time t'''\n",
    "\n",
    "A=np.array([[.5,.2,.3],[.3,.8,.3],[.2, 0,.4]]) # A is the transition probabiity matrix\n",
    "print(\"Transition probability matrix =\\n\",A)\n",
    "\n",
    "# city population in 2000 is =6,000000 ,Suburbs population in 2000 is =4,00000\n",
    "C_pop_2000=600000\n",
    "Sub_pop_2000=300000\n",
    "Vil_pop_2000=100000\n",
    "\n",
    "#Probability distribution=> PD\n",
    "PD_city=C_pop_2000/(C_pop_2000+Sub_pop_2000+Vil_pop_2000)\n",
    "PD_Sub=Sub_pop_2000/(C_pop_2000+Sub_pop_2000+Vil_pop_2000)\n",
    "PD_Vil=Vil_pop_2000/(C_pop_2000+Sub_pop_2000+Vil_pop_2000)\n",
    "\n",
    "x_0 = np.array([PD_city,PD_Sub,PD_Vil])\n",
    "\n",
    "print(\"\\nProbaility Distribuiton=\\n\",x_0,\"\\n\")\n",
    "\n",
    "# Matrix multiplication without inbuild function\n",
    "Result=np.matmul(A,x_0)\n",
    "List=[]\n",
    "\n",
    "steps=int(input(Fore.GREEN +\"Enter the iteration no=\"))\n",
    "print(\"\\n\")\n",
    "np.set_printoptions(formatter={'float': lambda x: \"{0:0.3f}\".format(x)})\n",
    "print(\"\\033[1;31m \",\"Itreation_No_0=\",Result)\n",
    "for i in range(1,steps):\n",
    "    Result =np.matmul(A,Result)  \n",
    "    #print(\"Itreation_No_\", i,\"=\", Result)  '''It will not provide an exact approximate  to see; please uncomment it'''\n",
    "    X=Result[0]\n",
    "    Y=Result[1]\n",
    "    Z=Result[2]\n",
    "    temp=[X,Y,Z]\n",
    "    if((i-1)%2==0):\n",
    "        print(\"\\033[1;34m \",\"Itreation_No_\",i,\"=\",temp)\n",
    "    else:\n",
    "        print(\"\\033[1;31m \",\"Itreation_No_\",i,\"=\",temp)\n",
    "\n",
    "    list=Result.tolist()\n",
    "    List.append(list)\n",
    "    if(i>=2):\n",
    "        #print(List[i-2],List[i-1])\n",
    "        if (List[i-2]==List[i-1]):\n",
    "            #print(Fore.GREEN +\"\\nStopping criteria!= Last 2 consecutive operations are exact same\\n\")\n",
    "            print(simple_colors.green(\"\\nStopping criteria!= Last 2 consecutive operations are exact same\\n\", 'bold'))\n",
    "            print(\"\\033[1;34m \",List[i-2],\"\\033[1;31m\",List[i-1])\n",
    "            print(Style.RESET_ALL)\n",
    "            break\n",
    "                  \n",
    "#print(\"Hi\",len(List))\n",
    "print(\"Append the convergence value in a List For Future use :\\n\",List)\n",
    "   "
   ]
  },
  {
   "cell_type": "code",
   "execution_count": null,
   "id": "e83a7b28-220e-4c6f-95a3-fbf853fe4157",
   "metadata": {},
   "outputs": [],
   "source": []
  }
 ],
 "metadata": {
  "kernelspec": {
   "display_name": "Python 3 (ipykernel)",
   "language": "python",
   "name": "python3"
  },
  "language_info": {
   "codemirror_mode": {
    "name": "ipython",
    "version": 3
   },
   "file_extension": ".py",
   "mimetype": "text/x-python",
   "name": "python",
   "nbconvert_exporter": "python",
   "pygments_lexer": "ipython3",
   "version": "3.11.5"
  }
 },
 "nbformat": 4,
 "nbformat_minor": 5
}
